echo '-matrix  "s001-A 5lw3-A  U(1,.)  -0.782510 -0.483649 -0.392126           13.560645"
-matrix  "s001-A 5lw3-A  U(2,.)   0.424320 -0.875122  0.232624          -12.399512"
-matrix  "s001-A 5lw3-A  U(3,.)  -0.455666  0.015644  0.890013           -7.782323"' |
    /usr/sness/DaliLite.v5/bin/applymatrix.pl pdb/pdb5lw3.ent > trans/5lw3-A.pdb
echo '-matrix  "s001-A 2pyh-A  U(1,.)   0.073633 -0.780174 -0.621213          -13.097640"
-matrix  "s001-A 2pyh-A  U(2,.)   0.275729  0.614550 -0.739123            5.902029"
-matrix  "s001-A 2pyh-A  U(3,.)   0.958411 -0.116862  0.260367          -47.474167"' |
    /usr/sness/DaliLite.v5/bin/applymatrix.pl pdb/pdb2pyh.ent > trans/2pyh-A.pdb
echo '-matrix  "s001-A 7eea-B  U(1,.)   0.033586  0.838777 -0.543438          -35.737755"
-matrix  "s001-A 7eea-B  U(2,.)  -0.998724  0.007652 -0.049912           74.076096"
-matrix  "s001-A 7eea-B  U(3,.)  -0.037707  0.544421  0.837964            2.682610"' |
    /usr/sness/DaliLite.v5/bin/applymatrix.pl pdb/pdb7eea.ent > trans/7eea-B.pdb
echo '-matrix  "s001-A 7eea-A  U(1,.)   0.556789 -0.053393  0.828936          -27.289667"
-matrix  "s001-A 7eea-A  U(2,.)  -0.566830  0.705054  0.426149           31.332148"
-matrix  "s001-A 7eea-A  U(3,.)  -0.607198 -0.707141  0.362302           71.603920"' |
    /usr/sness/DaliLite.v5/bin/applymatrix.pl pdb/pdb7eea.ent > trans/7eea-A.pdb
echo '-matrix  "s001-A 2pyg-A  U(1,.)   0.193585 -0.787595 -0.584994          -18.741480"
-matrix  "s001-A 2pyg-A  U(2,.)   0.318145  0.614447 -0.721968           -2.216303"
-matrix  "s001-A 2pyg-A  U(3,.)   0.928067 -0.046351  0.369518          -50.747066"' |
    /usr/sness/DaliLite.v5/bin/applymatrix.pl pdb/pdb2pyg.ent > trans/2pyg-A.pdb
echo '-matrix  "s001-A 2pyg-B  U(1,.)   0.067449  0.443220  0.893872          -26.068605"
-matrix  "s001-A 2pyg-B  U(2,.)  -0.968251 -0.187068  0.165819          102.965187"
-matrix  "s001-A 2pyg-B  U(3,.)   0.240709 -0.876676  0.416531           -1.192190"' |
    /usr/sness/DaliLite.v5/bin/applymatrix.pl pdb/pdb2pyg.ent > trans/2pyg-B.pdb
echo '-matrix  "s001-A 5zru-C  U(1,.)   0.065253 -0.967578  0.243998           41.795162"
-matrix  "s001-A 5zru-C  U(2,.)  -0.319513 -0.251905 -0.913485           23.622910"
-matrix  "s001-A 5zru-C  U(3,.)   0.945332 -0.018353 -0.325592          -30.002275"' |
    /usr/sness/DaliLite.v5/bin/applymatrix.pl pdb/pdb5zru.ent > trans/5zru-C.pdb
echo '-matrix  "s001-A 2pyh-B  U(1,.)   0.053628  0.432022  0.900267          -23.422794"
-matrix  "s001-A 2pyh-B  U(2,.)  -0.960592 -0.223926  0.164680          100.183548"
-matrix  "s001-A 2pyh-B  U(3,.)   0.272739 -0.873621  0.402988           -2.795282"' |
    /usr/sness/DaliLite.v5/bin/applymatrix.pl pdb/pdb2pyh.ent > trans/2pyh-B.pdb
echo '-matrix  "s001-A 1qa3-A  U(1,.)  -0.167726  0.729556 -0.663035            7.456972"
-matrix  "s001-A 1qa3-A  U(2,.)   0.231824  0.682891  0.692760         -105.951813"
-matrix  "s001-A 1qa3-A  U(3,.)   0.958189 -0.037514 -0.283668          -43.593609"' |
    /usr/sness/DaliLite.v5/bin/applymatrix.pl pdb/pdb1qa3.ent > trans/1qa3-A.pdb
echo '-matrix  "s001-A 4urr-B  U(1,.)  -0.422759  0.071428  0.903423          -15.691926"
-matrix  "s001-A 4urr-B  U(2,.)  -0.896193  0.115098 -0.428476            5.558525"
-matrix  "s001-A 4urr-B  U(3,.)  -0.134588 -0.990783  0.015355           37.018688"' |
    /usr/sness/DaliLite.v5/bin/applymatrix.pl pdb/pdb4urr.ent > trans/4urr-B.pdb
echo '-matrix  "s001-A 4urr-D  U(1,.)   0.716542 -0.683039 -0.141510           16.643030"
-matrix  "s001-A 4urr-D  U(2,.)  -0.691901 -0.721718 -0.019888           34.177479"
-matrix  "s001-A 4urr-D  U(3,.)  -0.088546  0.112162 -0.989737          -53.946209"' |
    /usr/sness/DaliLite.v5/bin/applymatrix.pl pdb/pdb4urr.ent > trans/4urr-D.pdb
echo '-matrix  "s001-A 4urr-A  U(1,.)   0.075686  0.840061 -0.537186          -23.433918"
-matrix  "s001-A 4urr-A  U(2,.)  -0.268494 -0.501664 -0.822341           30.397425"
-matrix  "s001-A 4urr-A  U(3,.)  -0.960303  0.206470  0.187583           -4.338077"' |
    /usr/sness/DaliLite.v5/bin/applymatrix.pl pdb/pdb4urr.ent > trans/4urr-A.pdb
echo '-matrix  "s001-A 2xc1-C  U(1,.)   0.331030 -0.778202 -0.533686            8.385830"
-matrix  "s001-A 2xc1-C  U(2,.)   0.859432  0.015125  0.511027           57.838753"
-matrix  "s001-A 2xc1-C  U(3,.)  -0.389610 -0.627832  0.673818           50.807152"' |
    /usr/sness/DaliLite.v5/bin/applymatrix.pl pdb/pdb2xc1.ent > trans/2xc1-C.pdb
echo '-matrix  "s001-A 6f7d-A  U(1,.)   0.631326 -0.292917  0.718071         -143.678162"
-matrix  "s001-A 6f7d-A  U(2,.)  -0.168349  0.852082  0.495596          -69.102592"
-matrix  "s001-A 6f7d-A  U(3,.)  -0.757024 -0.433769  0.488629           48.372952"' |
    /usr/sness/DaliLite.v5/bin/applymatrix.pl pdb/pdb6f7d.ent > trans/6f7d-A.pdb
echo '-matrix  "s001-A 6f7k-G  U(1,.)  -0.665383  0.186728  0.722772           -4.045314"
-matrix  "s001-A 6f7k-G  U(2,.)   0.197370 -0.889752  0.411566           56.207664"
-matrix  "s001-A 6f7k-G  U(3,.)   0.719938  0.416502  0.555171           33.724819"' |
    /usr/sness/DaliLite.v5/bin/applymatrix.pl pdb/pdb6f7k.ent > trans/6f7k-G.pdb
echo '-matrix  "s001-A 6k0v-B  U(1,.)  -0.476813 -0.476016 -0.738957          -46.139923"
-matrix  "s001-A 6k0v-B  U(2,.)   0.863122 -0.412636 -0.291122           39.556614"
-matrix  "s001-A 6k0v-B  U(3,.)  -0.166341 -0.776621  0.607611           83.618866"' |
    /usr/sness/DaliLite.v5/bin/applymatrix.pl pdb/pdb6k0v.ent > trans/6k0v-B.pdb
echo '-matrix  "s001-A 2vbm-A  U(1,.)  -0.395878  0.906424 -0.147230          -52.748196"
-matrix  "s001-A 2vbm-A  U(2,.)  -0.495241 -0.075720  0.865450            6.278697"
-matrix  "s001-A 2vbm-A  U(3,.)   0.773316  0.415527  0.478874          -18.278204"' |
    /usr/sness/DaliLite.v5/bin/applymatrix.pl pdb/pdb2vbm.ent > trans/2vbm-A.pdb
echo '-matrix  "s001-A 7c7d-A  U(1,.)  -0.344279  0.659830 -0.667905           11.632546"
-matrix  "s001-A 7c7d-A  U(2,.)   0.909508  0.057879 -0.411637           10.789419"
-matrix  "s001-A 7c7d-A  U(3,.)  -0.232952 -0.749183 -0.620047           18.945938"' |
    /usr/sness/DaliLite.v5/bin/applymatrix.pl pdb/pdb7c7d.ent > trans/7c7d-A.pdb
echo '-matrix  "s001-A 3th0-A  U(1,.)  -0.184183  0.723563 -0.665232            1.273199"
-matrix  "s001-A 3th0-A  U(2,.)   0.206093  0.690196  0.693654           -7.940825"
-matrix  "s001-A 3th0-A  U(3,.)   0.961042 -0.009341 -0.276243           -5.011595"' |
    /usr/sness/DaliLite.v5/bin/applymatrix.pl pdb/pdb3th0.ent > trans/3th0-A.pdb
echo '-matrix  "s001-A 4urr-E  U(1,.)   0.083603  0.862295 -0.499457          -65.896919"
-matrix  "s001-A 4urr-E  U(2,.)  -0.259203 -0.465141 -0.846438          -22.796080"
-matrix  "s001-A 4urr-E  U(3,.)  -0.962198  0.200225  0.184622            8.654916"' |
    /usr/sness/DaliLite.v5/bin/applymatrix.pl pdb/pdb4urr.ent > trans/4urr-E.pdb
echo '-matrix  "s001-A 4urr-C  U(1,.)   0.704352 -0.700567 -0.114431           21.927914"
-matrix  "s001-A 4urr-C  U(2,.)  -0.704217 -0.709893  0.011459           26.622490"
-matrix  "s001-A 4urr-C  U(3,.)  -0.089261  0.072513 -0.993365           14.399198"' |
    /usr/sness/DaliLite.v5/bin/applymatrix.pl pdb/pdb4urr.ent > trans/4urr-C.pdb
echo '-matrix  "s001-A 1clw-A  U(1,.)  -0.107836  0.715228 -0.690521            6.213453"
-matrix  "s001-A 1clw-A  U(2,.)   0.264571  0.690170  0.673548         -115.917816"
-matrix  "s001-A 1clw-A  U(3,.)   0.958318 -0.110059 -0.263654          -44.436699"' |
    /usr/sness/DaliLite.v5/bin/applymatrix.pl pdb/pdb1clw.ent > trans/1clw-A.pdb
echo '-matrix  "s001-A 1qq1-A  U(1,.)  -0.085717  0.711221 -0.697723            5.473732"
-matrix  "s001-A 1qq1-A  U(2,.)   0.257406  0.692334  0.674104         -115.598648"
-matrix  "s001-A 1qq1-A  U(3,.)   0.962494 -0.121816 -0.242417          -45.779625"' |
    /usr/sness/DaliLite.v5/bin/applymatrix.pl pdb/pdb1qq1.ent > trans/1qq1-A.pdb
echo '-matrix  "s001-A 7o0y-A  U(1,.)   0.901349  0.120246 -0.416066         -111.882812"
-matrix  "s001-A 7o0y-A  U(2,.)   0.154078  0.808802  0.567538         -164.171509"
-matrix  "s001-A 7o0y-A  U(3,.)   0.404759 -0.575657  0.710485          -84.934509"' |
    /usr/sness/DaliLite.v5/bin/applymatrix.pl pdb/pdb7o0y.ent > trans/7o0y-A.pdb
echo '-matrix  "s001-A 1tsp-A  U(1,.)  -0.120023  0.710593 -0.693291            7.543767"
-matrix  "s001-A 1tsp-A  U(2,.)   0.227958  0.699406  0.677397         -114.157501"
-matrix  "s001-A 1tsp-A  U(3,.)   0.966245 -0.076738 -0.245930          -48.397797"' |
    /usr/sness/DaliLite.v5/bin/applymatrix.pl pdb/pdb1tsp.ent > trans/1tsp-A.pdb
echo '-matrix  "s001-A 6nw9-B  U(1,.)  -0.915025 -0.353521 -0.194297           25.691725"
-matrix  "s001-A 6nw9-B  U(2,.)  -0.051075  0.579306 -0.813508           12.187147"
-matrix  "s001-A 6nw9-B  U(3,.)   0.400150 -0.734457 -0.548136           10.896010"' |
    /usr/sness/DaliLite.v5/bin/applymatrix.pl pdb/pdb6nw9.ent > trans/6nw9-B.pdb
echo '-matrix  "s001-A 7o12-A  U(1,.)   0.807776  0.259107 -0.529492          -99.954185"
-matrix  "s001-A 7o12-A  U(2,.)   0.091723  0.832036  0.547086         -157.612457"
-matrix  "s001-A 7o12-A  U(3,.)   0.582310 -0.490490  0.648332         -113.872360"' |
    /usr/sness/DaliLite.v5/bin/applymatrix.pl pdb/pdb7o12.ent > trans/7o12-A.pdb
echo '-matrix  "s001-A 1qrb-A  U(1,.)  -0.082406  0.709610 -0.699760            5.494005"
-matrix  "s001-A 1qrb-A  U(2,.)   0.255323  0.693746  0.673444         -115.370026"
-matrix  "s001-A 1qrb-A  U(3,.)   0.963338 -0.123169 -0.238348          -46.011990"' |
    /usr/sness/DaliLite.v5/bin/applymatrix.pl pdb/pdb1qrb.ent > trans/1qrb-A.pdb
echo '-matrix  "s001-A 7o10-A  U(1,.)   0.827638  0.207471 -0.521508          -97.593437"
-matrix  "s001-A 7o10-A  U(2,.)   0.133867  0.829386  0.542401         -147.724976"
-matrix  "s001-A 7o10-A  U(3,.)   0.545064 -0.518724  0.658658          -99.664833"' |
    /usr/sness/DaliLite.v5/bin/applymatrix.pl pdb/pdb7o10.ent > trans/7o10-A.pdb
echo '-matrix  "s001-A 1tyw-A  U(1,.)  -0.122472  0.712843 -0.690547            7.348600"
-matrix  "s001-A 1tyw-A  U(2,.)   0.276543  0.692739  0.666060         -116.030090"
-matrix  "s001-A 1tyw-A  U(3,.)   0.953166 -0.109392 -0.281973          -42.500717"' |
    /usr/sness/DaliLite.v5/bin/applymatrix.pl pdb/pdb1tyw.ent > trans/1tyw-A.pdb
echo '-matrix  "s001-A 6k0n-A  U(1,.)  -0.444147  0.770401  0.457402          -29.470366"
-matrix  "s001-A 6k0n-A  U(2,.)  -0.393293  0.291059 -0.872127           61.427498"
-matrix  "s001-A 6k0n-A  U(3,.)  -0.805018 -0.567245  0.173720           62.561569"' |
    /usr/sness/DaliLite.v5/bin/applymatrix.pl pdb/pdb6k0n.ent > trans/6k0n-A.pdb
echo '-matrix  "s001-A 7o17-A  U(1,.)   0.578164  0.736605  0.350913         -215.424332"
-matrix  "s001-A 7o17-A  U(2,.)  -0.286156 -0.219706  0.932655           23.358850"
-matrix  "s001-A 7o17-A  U(3,.)   0.764095 -0.639643  0.083758          -18.113495"' |
    /usr/sness/DaliLite.v5/bin/applymatrix.pl pdb/pdb7o17.ent > trans/7o17-A.pdb
echo '-matrix  "s001-A 2vfq-A  U(1,.)   0.715789  0.110284 -0.689553          -44.504372"
-matrix  "s001-A 2vfq-A  U(2,.)   0.690714 -0.257125  0.675870           -9.630431"
-matrix  "s001-A 2vfq-A  U(3,.)  -0.102763 -0.960065 -0.260222           15.095213"' |
    /usr/sness/DaliLite.v5/bin/applymatrix.pl pdb/pdb2vfq.ent > trans/2vfq-A.pdb
echo '-matrix  "s001-A 6k0u-A  U(1,.)  -0.433488  0.772160  0.464604          -30.577501"
-matrix  "s001-A 6k0u-A  U(2,.)  -0.403929  0.294381 -0.866130           61.741863"
-matrix  "s001-A 6k0u-A  U(3,.)  -0.805562 -0.563124  0.184287           62.217777"' |
    /usr/sness/DaliLite.v5/bin/applymatrix.pl pdb/pdb6k0u.ent > trans/6k0u-A.pdb
echo '-matrix  "s001-A 6k0q-A  U(1,.)  -0.430773  0.777273  0.458564          -30.552507"
-matrix  "s001-A 6k0q-A  U(2,.)  -0.399435  0.291430 -0.869206           61.430233"
-matrix  "s001-A 6k0q-A  U(3,.)  -0.809250 -0.557597  0.184930           61.867096"' |
    /usr/sness/DaliLite.v5/bin/applymatrix.pl pdb/pdb6k0q.ent > trans/6k0q-A.pdb
echo '-matrix  "s001-A 1ia5-A  U(1,.)   0.544390  0.194025 -0.816085          -52.674648"
-matrix  "s001-A 1ia5-A  U(2,.)  -0.838272  0.161376 -0.520824           70.455551"
-matrix  "s001-A 1ia5-A  U(3,.)   0.030643  0.967632  0.250497          -14.996121"' |
    /usr/sness/DaliLite.v5/bin/applymatrix.pl pdb/pdb1ia5.ent > trans/1ia5-A.pdb
echo '-matrix  "s001-A 1ib4-B  U(1,.)   0.264824  0.826366 -0.496978          -57.088078"
-matrix  "s001-A 1ib4-B  U(2,.)  -0.827033  0.459661  0.323616           81.032516"
-matrix  "s001-A 1ib4-B  U(3,.)   0.495867  0.325316  0.805162          -27.410570"' |
    /usr/sness/DaliLite.v5/bin/applymatrix.pl pdb/pdb1ib4.ent > trans/1ib4-B.pdb
echo '-matrix  "s001-A 1ib4-A  U(1,.)  -0.573986 -0.817644  0.044707            7.665385"
-matrix  "s001-A 1ib4-A  U(2,.)   0.531698 -0.413661 -0.739041          -38.772472"
-matrix  "s001-A 1ib4-A  U(3,.)   0.622766 -0.400429  0.672175          -41.223248"' |
    /usr/sness/DaliLite.v5/bin/applymatrix.pl pdb/pdb1ib4.ent > trans/1ib4-A.pdb
echo '-matrix  "s001-A 7c7d-B  U(1,.)   0.343289  0.517194  0.784004          -14.796999"
-matrix  "s001-A 7c7d-B  U(2,.)  -0.921534  0.024203  0.387542           14.366085"
-matrix  "s001-A 7c7d-B  U(3,.)   0.181460 -0.855526  0.484921           -5.550309"' |
    /usr/sness/DaliLite.v5/bin/applymatrix.pl pdb/pdb7c7d.ent > trans/7c7d-B.pdb
echo '-matrix  "s001-A 7jw4-B  U(1,.)   0.378167  0.183373  0.907394           12.835683"
-matrix  "s001-A 7jw4-B  U(2,.)   0.662843 -0.737887 -0.127129           59.367348"
-matrix  "s001-A 7jw4-B  U(3,.)   0.646242  0.649536 -0.400592          -24.358160"' |
    /usr/sness/DaliLite.v5/bin/applymatrix.pl pdb/pdb7jw4.ent > trans/7jw4-B.pdb
echo '-matrix  "s001-A 2iq7-D  U(1,.)  -0.798824 -0.236661 -0.553057          -10.857715"
-matrix  "s001-A 2iq7-D  U(2,.)  -0.048383 -0.891109  0.451202           22.116354"
-matrix  "s001-A 2iq7-D  U(3,.)  -0.599616  0.387189  0.700389           33.496933"' |
    /usr/sness/DaliLite.v5/bin/applymatrix.pl pdb/pdb2iq7.ent > trans/2iq7-D.pdb
echo '-matrix  "s001-A 2vfm-A  U(1,.)  -0.694437 -0.115113  0.710286            1.111251"
-matrix  "s001-A 2vfm-A  U(2,.)   0.674573  0.239385  0.698317          -16.586302"
-matrix  "s001-A 2vfm-A  U(3,.)  -0.250418  0.964077 -0.088586           -9.123692"' |
    /usr/sness/DaliLite.v5/bin/applymatrix.pl pdb/pdb2vfm.ent > trans/2vfm-A.pdb
echo '-matrix  "s001-A 2iq7-B  U(1,.)  -0.821456  0.203735  0.532636           44.448402"
-matrix  "s001-A 2iq7-B  U(2,.)  -0.054964  0.901371 -0.429546            5.418355"
-matrix  "s001-A 2iq7-B  U(3,.)  -0.567617 -0.382129 -0.729238           32.024200"' |
    /usr/sness/DaliLite.v5/bin/applymatrix.pl pdb/pdb2iq7.ent > trans/2iq7-B.pdb
echo '-matrix  "s001-A 7o15-A  U(1,.)  -0.902233 -0.430477 -0.025794          158.310272"
-matrix  "s001-A 7o15-A  U(2,.)   0.032847 -0.008960 -0.999420          199.828247"
-matrix  "s001-A 7o15-A  U(3,.)   0.429996 -0.902557  0.022224           55.344093"' |
    /usr/sness/DaliLite.v5/bin/applymatrix.pl pdb/pdb7o15.ent > trans/7o15-A.pdb
echo '-matrix  "s001-A 2x3h-A  U(1,.)  -0.393649 -0.266123 -0.879897          103.976517"
-matrix  "s001-A 2x3h-A  U(2,.)  -0.466793  0.882458 -0.058063          -32.172676"
-matrix  "s001-A 2x3h-A  U(3,.)   0.791924  0.387874 -0.471603           10.442272"' |
    /usr/sness/DaliLite.v5/bin/applymatrix.pl pdb/pdb2x3h.ent > trans/2x3h-A.pdb
echo '-matrix  "s001-A 2x3h-B  U(1,.)  -0.629212  0.092273  0.771737          -69.632286"
-matrix  "s001-A 2x3h-B  U(2,.)   0.332205  0.929588  0.159706          -69.643723"
-matrix  "s001-A 2x3h-B  U(3,.)  -0.702661  0.356864 -0.615562           51.917057"' |
    /usr/sness/DaliLite.v5/bin/applymatrix.pl pdb/pdb2x3h.ent > trans/2x3h-B.pdb
echo '-matrix  "s001-A 6k0s-A  U(1,.)  -0.472214  0.749602  0.463800          -27.625250"
-matrix  "s001-A 6k0s-A  U(2,.)  -0.406836  0.281430 -0.869069           58.011024"
-matrix  "s001-A 6k0s-A  U(3,.)  -0.781983 -0.599078  0.172070           60.346764"' |
    /usr/sness/DaliLite.v5/bin/applymatrix.pl pdb/pdb6k0s.ent > trans/6k0s-A.pdb
echo '-matrix  "s001-A 2iq7-G  U(1,.)   0.637369  0.151341  0.755551          -43.298832"
-matrix  "s001-A 2iq7-G  U(2,.)  -0.752758  0.331831  0.568546           22.906813"
-matrix  "s001-A 2iq7-G  U(3,.)  -0.164671 -0.931120  0.325422          -39.341682"' |
    /usr/sness/DaliLite.v5/bin/applymatrix.pl pdb/pdb2iq7.ent > trans/2iq7-G.pdb
echo '-matrix  "s001-A 6e0v-A  U(1,.)  -0.165609 -0.985183  0.044585          -22.505537"
-matrix  "s001-A 6e0v-A  U(2,.)  -0.461641  0.037493 -0.886274          -18.029945"
-matrix  "s001-A 6e0v-A  U(3,.)   0.871471 -0.167358 -0.461010          -81.934608"' |
    /usr/sness/DaliLite.v5/bin/applymatrix.pl pdb/pdb6e0v.ent > trans/6e0v-A.pdb
echo '-matrix  "s001-A 4ru4-D  U(1,.)   0.177641 -0.464607  0.867516          -71.794411"
-matrix  "s001-A 4ru4-D  U(2,.)   0.983965  0.098222 -0.148882          -67.439026"
-matrix  "s001-A 4ru4-D  U(3,.)  -0.016037  0.880053  0.474605         -115.626907"' |
    /usr/sness/DaliLite.v5/bin/applymatrix.pl pdb/pdb4ru4.ent > trans/4ru4-D.pdb
echo '-matrix  "s001-A 2iq7-C  U(1,.)   0.709153 -0.097850 -0.698231          -49.350681"
-matrix  "s001-A 2iq7-C  U(2,.)  -0.697755 -0.239529 -0.675103           67.891968"
-matrix  "s001-A 2iq7-C  U(3,.)  -0.101188  0.965946 -0.238138          -22.508829"' |
    /usr/sness/DaliLite.v5/bin/applymatrix.pl pdb/pdb2iq7.ent > trans/2iq7-C.pdb
echo '-matrix  "s001-A 1nhc-B  U(1,.)   0.510195  0.662153 -0.548866           17.139973"
-matrix  "s001-A 1nhc-B  U(2,.)   0.532529 -0.744336 -0.402959            6.373591"
-matrix  "s001-A 1nhc-B  U(3,.)  -0.675362 -0.086700 -0.732373           85.224785"' |
    /usr/sness/DaliLite.v5/bin/applymatrix.pl pdb/pdb1nhc.ent > trans/1nhc-B.pdb
echo '-matrix  "s001-A 2x3h-C  U(1,.)   0.986063 -0.058014  0.155930          -31.410830"
-matrix  "s001-A 2x3h-C  U(2,.)   0.144790  0.760884 -0.632528           19.305283"
-matrix  "s001-A 2x3h-C  U(3,.)  -0.081950  0.646290  0.758679         -106.285934"' |
    /usr/sness/DaliLite.v5/bin/applymatrix.pl pdb/pdb2x3h.ent > trans/2x3h-C.pdb
echo '-matrix  "s001-A 2inu-B  U(1,.)   0.962117  0.256204  0.093222          -35.879383"
-matrix  "s001-A 2inu-B  U(2,.)   0.206047 -0.459389 -0.864006           21.070133"
-matrix  "s001-A 2inu-B  U(3,.)  -0.178537  0.850483 -0.494776          -20.109005"' |
    /usr/sness/DaliLite.v5/bin/applymatrix.pl pdb/pdb2inu.ent > trans/2inu-B.pdb
echo '-matrix  "s001-A 2iq7-E  U(1,.)  -0.010534 -0.828806 -0.559438            7.095007"
-matrix  "s001-A 2iq7-E  U(2,.)  -0.696043 -0.395600  0.599187           18.099464"
-matrix  "s001-A 2iq7-E  U(3,.)  -0.717923  0.395704 -0.572717           67.685616"' |
    /usr/sness/DaliLite.v5/bin/applymatrix.pl pdb/pdb2iq7.ent > trans/2iq7-E.pdb
echo '-matrix  "s001-A 1nhc-F  U(1,.)   0.470745 -0.816947 -0.333161           20.983267"
-matrix  "s001-A 1nhc-F  U(2,.)   0.546209 -0.026691  0.837224          -55.021538"
-matrix  "s001-A 1nhc-F  U(3,.)  -0.692860 -0.576094  0.433659            2.172468"' |
    /usr/sness/DaliLite.v5/bin/applymatrix.pl pdb/pdb1nhc.ent > trans/1nhc-F.pdb
echo '-matrix  "s001-A 1nhc-A  U(1,.)  -0.475306 -0.816209  0.328462           19.677496"
-matrix  "s001-A 1nhc-A  U(2,.)  -0.547204 -0.018094 -0.836803           13.506047"
-matrix  "s001-A 1nhc-A  U(3,.)   0.688950 -0.577473 -0.438033           -3.396151"' |
    /usr/sness/DaliLite.v5/bin/applymatrix.pl pdb/pdb1nhc.ent > trans/1nhc-A.pdb
echo '-matrix  "s001-A 2iq7-F  U(1,.)   0.166993  0.898699  0.405528          -66.858200"
-matrix  "s001-A 2iq7-F  U(2,.)  -0.814010  0.357747 -0.457609           45.090363"
-matrix  "s001-A 2iq7-F  U(3,.)  -0.556329 -0.253686  0.791291          -15.151783"' |
    /usr/sness/DaliLite.v5/bin/applymatrix.pl pdb/pdb2iq7.ent > trans/2iq7-F.pdb
echo '-matrix  "s001-A 1nhc-E  U(1,.)  -0.447196  0.103594 -0.888417           31.778902"
-matrix  "s001-A 1nhc-E  U(2,.)  -0.571186  0.731285  0.372785           17.729548"
-matrix  "s001-A 1nhc-E  U(3,.)   0.688304  0.674159 -0.267857           -7.494708"' |
    /usr/sness/DaliLite.v5/bin/applymatrix.pl pdb/pdb1nhc.ent > trans/1nhc-E.pdb
echo '-matrix  "s001-A 1nhc-D  U(1,.)  -0.506333  0.668574  0.544643          -40.192310"
-matrix  "s001-A 1nhc-D  U(2,.)  -0.536546 -0.738696  0.407978           30.996239"
-matrix  "s001-A 1nhc-D  U(3,.)   0.675089 -0.085653  0.732747          -79.662193"' |
    /usr/sness/DaliLite.v5/bin/applymatrix.pl pdb/pdb1nhc.ent > trans/1nhc-D.pdb
echo '-matrix  "s001-A 6kve-A  U(1,.)  -0.312407 -0.503524  0.805522          -76.585342"
-matrix  "s001-A 6kve-A  U(2,.)   0.772962  0.358182  0.523675          -88.709259"
-matrix  "s001-A 6kve-A  U(3,.)  -0.552207  0.786237  0.277307           -4.621420"' |
    /usr/sness/DaliLite.v5/bin/applymatrix.pl pdb/pdb6kve.ent > trans/6kve-A.pdb
echo '-matrix  "s001-A 4rmx-B  U(1,.)  -0.168842  0.984573 -0.045915          -92.618164"
-matrix  "s001-A 4rmx-B  U(2,.)  -0.461468 -0.037802  0.886351           45.013062"
-matrix  "s001-A 4rmx-B  U(3,.)   0.870942  0.170842  0.460731          -62.157707"' |
    /usr/sness/DaliLite.v5/bin/applymatrix.pl pdb/pdb4rmx.ent > trans/4rmx-B.pdb
echo '-matrix  "s001-A 4rmx-C  U(1,.)  -0.111820 -0.991930 -0.059758           45.796593"
-matrix  "s001-A 4rmx-C  U(2,.)   0.443113 -0.103596  0.890460         -108.852448"
-matrix  "s001-A 4rmx-C  U(3,.)  -0.889465  0.073092  0.451121            6.495484"' |
    /usr/sness/DaliLite.v5/bin/applymatrix.pl pdb/pdb4rmx.ent > trans/4rmx-C.pdb
echo '-matrix  "s001-A 6e0v-C  U(1,.)   0.924072 -0.374547  0.076191          -40.098137"
-matrix  "s001-A 6e0v-C  U(2,.)  -0.112282 -0.456556 -0.882581            0.699518"
-matrix  "s001-A 6e0v-C  U(3,.)   0.365354  0.807014 -0.463945          -61.224949"' |
    /usr/sness/DaliLite.v5/bin/applymatrix.pl pdb/pdb6e0v.ent > trans/6e0v-C.pdb
echo '-matrix  "s001-A 1nhc-C  U(1,.)   0.476381  0.105100  0.872935          -44.828407"
-matrix  "s001-A 1nhc-C  U(2,.)   0.570720  0.718280 -0.397935          -43.168701"
-matrix  "s001-A 1nhc-C  U(3,.)  -0.668835  0.687771  0.282191          -50.665600"' |
    /usr/sness/DaliLite.v5/bin/applymatrix.pl pdb/pdb1nhc.ent > trans/1nhc-C.pdb
echo '-matrix  "s001-A 6kvh-A  U(1,.)  -0.312968 -0.498281  0.808559          -76.992317"
-matrix  "s001-A 6kvh-A  U(2,.)   0.776130  0.356511  0.520118          -88.992973"
-matrix  "s001-A 6kvh-A  U(3,.)  -0.547425  0.790327  0.275154           -4.719581"' |
    /usr/sness/DaliLite.v5/bin/applymatrix.pl pdb/pdb6kvh.ent > trans/6kvh-A.pdb
echo '-matrix  "s001-A 7e56-A  U(1,.)  -0.317963 -0.507799  0.800649          -75.755402"
-matrix  "s001-A 7e56-A  U(2,.)   0.774290  0.348268  0.528379          -89.948715"
-matrix  "s001-A 7e56-A  U(3,.)  -0.547151  0.787940  0.282447           -5.245825"' |
    /usr/sness/DaliLite.v5/bin/applymatrix.pl pdb/pdb7e56.ent > trans/7e56-A.pdb
echo '-matrix  "s001-A 7eea-C  U(1,.)  -0.416864 -0.669640 -0.614660           38.987297"
-matrix  "s001-A 7eea-C  U(2,.)  -0.679639 -0.219407  0.699966           48.510250"
-matrix  "s001-A 7eea-C  U(3,.)  -0.603586  0.709537 -0.363650            8.970371"' |
    /usr/sness/DaliLite.v5/bin/applymatrix.pl pdb/pdb7eea.ent > trans/7eea-C.pdb
echo '-matrix  "s001-A 7chu-A  U(1,.)   0.971628 -0.007552 -0.236392          -25.495361"
-matrix  "s001-A 7chu-A  U(2,.)  -0.236291  0.012219 -0.971605           38.455055"
-matrix  "s001-A 7chu-A  U(3,.)   0.010226  0.999897  0.010088          -67.379364"' |
    /usr/sness/DaliLite.v5/bin/applymatrix.pl pdb/pdb7chu.ent > trans/7chu-A.pdb
echo '-matrix  "s001-A 1czf-B  U(1,.)  -0.963216 -0.249049 -0.100939           43.814114"
-matrix  "s001-A 1czf-B  U(2,.)  -0.207759  0.928394 -0.308092            8.548679"
-matrix  "s001-A 1czf-B  U(3,.)   0.170441 -0.275788 -0.945987           32.350971"' |
    /usr/sness/DaliLite.v5/bin/applymatrix.pl pdb/pdb1czf.ent > trans/1czf-B.pdb
echo '-matrix  "s001-A 1czf-A  U(1,.)   0.812647 -0.574695  0.096596          -17.640062"
-matrix  "s001-A 1czf-A  U(2,.)   0.523850  0.793018  0.310972          -24.696688"
-matrix  "s001-A 1czf-A  U(3,.)  -0.255317 -0.202109  0.945497           18.017998"' |
    /usr/sness/DaliLite.v5/bin/applymatrix.pl pdb/pdb1czf.ent > trans/1czf-A.pdb
echo '-matrix  "s001-A 1kcc-A  U(1,.)   0.458374  0.165707  0.873175          -38.847019"
-matrix  "s001-A 1kcc-A  U(2,.)  -0.835118 -0.255847  0.486949           46.446453"
-matrix  "s001-A 1kcc-A  U(3,.)   0.304090 -0.952409  0.021111           30.673496"' |
    /usr/sness/DaliLite.v5/bin/applymatrix.pl pdb/pdb1kcc.ent > trans/1kcc-A.pdb
echo '-matrix  "s001-A 1kcd-A  U(1,.)   0.455198  0.168084  0.874381          -38.772461"
-matrix  "s001-A 1kcd-A  U(2,.)  -0.835802 -0.257896  0.484690           46.418617"
-matrix  "s001-A 1kcd-A  U(3,.)   0.306968 -0.951440  0.023091           30.571478"' |
    /usr/sness/DaliLite.v5/bin/applymatrix.pl pdb/pdb1kcd.ent > trans/1kcd-A.pdb
echo '-matrix  "s001-A 6nw9-C  U(1,.)   0.087058  0.922011  0.377248          -20.911024"
-matrix  "s001-A 6nw9-C  U(2,.)   0.771313  0.177276 -0.611269            3.881400"
-matrix  "s001-A 6nw9-C  U(3,.)  -0.630474  0.344192 -0.695726           25.747229"' |
    /usr/sness/DaliLite.v5/bin/applymatrix.pl pdb/pdb6nw9.ent > trans/6nw9-C.pdb
echo '-matrix  "s001-A 7jwf-C  U(1,.)   0.549724  0.235027 -0.801602           34.989830"
-matrix  "s001-A 7jwf-C  U(2,.)  -0.440538 -0.733747 -0.517244          -36.067211"
-matrix  "s001-A 7jwf-C  U(3,.)  -0.709739  0.637478 -0.299820          -46.693687"' |
    /usr/sness/DaliLite.v5/bin/applymatrix.pl pdb/pdb7jwf.ent > trans/7jwf-C.pdb
echo '-matrix  "s001-A 1k5c-A  U(1,.)   0.471396  0.139396  0.870835          -38.284561"
-matrix  "s001-A 1k5c-A  U(2,.)  -0.840868 -0.226722  0.491466           46.006889"
-matrix  "s001-A 1k5c-A  U(3,.)   0.265946 -0.963933  0.010338           31.757755"' |
    /usr/sness/DaliLite.v5/bin/applymatrix.pl pdb/pdb1k5c.ent > trans/1k5c-A.pdb
echo '-matrix  "s001-A 2vbk-A  U(1,.)  -0.628198  0.765055  0.141628          -45.808163"
-matrix  "s001-A 2vbk-A  U(2,.)   0.337323  0.431835 -0.836500          -16.752335"
-matrix  "s001-A 2vbk-A  U(3,.)  -0.701128 -0.477713 -0.529349           33.239868"' |
    /usr/sness/DaliLite.v5/bin/applymatrix.pl pdb/pdb2vbk.ent > trans/2vbk-A.pdb
echo '-matrix  "s001-A 4yej-A  U(1,.)   0.313199 -0.948808 -0.040862            9.045349"
-matrix  "s001-A 4yej-A  U(2,.)   0.427882  0.102570  0.897996          -50.794731"
-matrix  "s001-A 4yej-A  U(3,.)  -0.847834 -0.298736  0.438102           21.576979"' |
    /usr/sness/DaliLite.v5/bin/applymatrix.pl pdb/pdb4yej.ent > trans/4yej-A.pdb
echo '-matrix  "s001-A 7o11-A  U(1,.)   0.898999  0.131924 -0.417608         -112.571465"
-matrix  "s001-A 7o11-A  U(2,.)   0.151015  0.801689  0.578351         -164.742218"
-matrix  "s001-A 7o11-A  U(3,.)   0.411090 -0.583002  0.700795          -84.192986"' |
    /usr/sness/DaliLite.v5/bin/applymatrix.pl pdb/pdb7o11.ent > trans/7o11-A.pdb
echo '-matrix  "s001-A 2vbe-A  U(1,.)   0.978742 -0.145594 -0.144452           16.100721"
-matrix  "s001-A 2vbe-A  U(2,.)   0.198689  0.498447  0.843844          -86.837006"
-matrix  "s001-A 2vbe-A  U(3,.)  -0.050857 -0.854607  0.516779           13.693819"' |
    /usr/sness/DaliLite.v5/bin/applymatrix.pl pdb/pdb2vbe.ent > trans/2vbe-A.pdb
echo '-matrix  "s001-A 4urr-F  U(1,.)  -0.425172 -0.067256  0.902610           51.416519"
-matrix  "s001-A 4urr-F  U(2,.)  -0.903531  0.090474 -0.418864          -24.895760"
-matrix  "s001-A 4urr-F  U(3,.)  -0.053492 -0.993625 -0.099235           38.036369"' |
    /usr/sness/DaliLite.v5/bin/applymatrix.pl pdb/pdb4urr.ent > trans/4urr-F.pdb
echo '-matrix  "s001-A 6f7k-D  U(1,.)  -0.268246  0.743092  0.613073           44.090652"
-matrix  "s001-A 6f7k-D  U(2,.)   0.896058  0.426137 -0.124447           41.564705"
-matrix  "s001-A 6f7k-D  U(3,.)  -0.353729  0.515967 -0.780163          -30.612612"' |
    /usr/sness/DaliLite.v5/bin/applymatrix.pl pdb/pdb6f7k.ent > trans/6f7k-D.pdb
echo '-matrix  "s001-A 1bhe-A  U(1,.)  -0.770226 -0.568796 -0.288486           51.476299"
-matrix  "s001-A 1bhe-A  U(2,.)   0.326407  0.037041 -0.944503           55.197620"
-matrix  "s001-A 1bhe-A  U(3,.)   0.547915 -0.821644  0.157129          -19.939747"' |
    /usr/sness/DaliLite.v5/bin/applymatrix.pl pdb/pdb1bhe.ent > trans/1bhe-A.pdb
echo '-matrix  "s001-A 7akv-G  U(1,.)  -0.170611  0.481062  0.859925         -194.850693"
-matrix  "s001-A 7akv-G  U(2,.)   0.034865 -0.869227  0.493183           68.466881"
-matrix  "s001-A 7akv-G  U(3,.)   0.984721  0.114124  0.131528         -163.454025"' |
    /usr/sness/DaliLite.v5/bin/applymatrix.pl pdb/pdb7akv.ent > trans/7akv-G.pdb
echo '-matrix  "s001-A 2xc1-A  U(1,.)   0.320527  0.937673 -0.134280          -33.543663"
-matrix  "s001-A 2xc1-A  U(2,.)   0.379805  0.002644  0.925063           68.013321"
-matrix  "s001-A 2xc1-A  U(3,.)   0.867762 -0.347508 -0.355286           19.029190"' |
    /usr/sness/DaliLite.v5/bin/applymatrix.pl pdb/pdb2xc1.ent > trans/2xc1-A.pdb
echo '-matrix  "s001-A 5olp-A  U(1,.)  -0.965917  0.089601  0.242849           -8.147373"
-matrix  "s001-A 5olp-A  U(2,.)   0.243774 -0.000638  0.969832          -47.040218"
-matrix  "s001-A 5olp-A  U(3,.)   0.087053  0.995978 -0.021227          -62.497555"' |
    /usr/sness/DaliLite.v5/bin/applymatrix.pl pdb/pdb5olp.ent > trans/5olp-A.pdb
echo '-matrix  "s001-A 5zla-F  U(1,.)   0.854959  0.040779 -0.517090           33.804291"
-matrix  "s001-A 5zla-F  U(2,.)   0.451350  0.432749  0.780392           53.468418"
-matrix  "s001-A 5zla-F  U(3,.)   0.255594 -0.900592  0.351577           36.907200"' |
    /usr/sness/DaliLite.v5/bin/applymatrix.pl pdb/pdb5zla.ent > trans/5zla-F.pdb
echo '-matrix  "s001-A 6w4q-C  U(1,.)   0.971695  0.231725  0.045960           -2.130444"
-matrix  "s001-A 6w4q-C  U(2,.)   0.022357 -0.283879  0.958600           21.922865"
-matrix  "s001-A 6w4q-C  U(3,.)   0.235179 -0.930439 -0.281024           43.985012"' |
    /usr/sness/DaliLite.v5/bin/applymatrix.pl pdb/pdb6w4q.ent > trans/6w4q-C.pdb
echo '-matrix  "s001-A 4ru5-B  U(1,.)   0.447954 -0.460134  0.766560         -186.914459"
-matrix  "s001-A 4ru5-B  U(2,.)   0.679537 -0.381954 -0.626372          -86.582245"
-matrix  "s001-A 4ru5-B  U(3,.)   0.581005  0.801491  0.141580         -148.660339"' |
    /usr/sness/DaliLite.v5/bin/applymatrix.pl pdb/pdb4ru5.ent > trans/4ru5-B.pdb
echo '-matrix  "s001-A 2xc1-B  U(1,.)  -0.802949 -0.103691  0.586960           14.279999"
-matrix  "s001-A 2xc1-B  U(2,.)   0.536766 -0.553933  0.636428           77.668861"
-matrix  "s001-A 2xc1-B  U(3,.)   0.259145  0.826079  0.500438            4.945218"' |
    /usr/sness/DaliLite.v5/bin/applymatrix.pl pdb/pdb2xc1.ent > trans/2xc1-B.pdb
echo '-matrix  "s001-A 5w6f-A  U(1,.)   0.726537 -0.618542  0.299248           25.949593"
-matrix  "s001-A 5w6f-A  U(2,.)   0.155179 -0.276552 -0.948387          -49.373646"
-matrix  "s001-A 5w6f-A  U(3,.)   0.669375  0.735475 -0.104940           -6.190413"' |
    /usr/sness/DaliLite.v5/bin/applymatrix.pl pdb/pdb5w6f.ent > trans/5w6f-A.pdb
echo '-matrix  "s001-A 5w6f-C  U(1,.)   0.002639  0.921836  0.387572           16.482927"
-matrix  "s001-A 5w6f-C  U(2,.)   0.775866  0.242630 -0.582377          -25.565023"
-matrix  "s001-A 5w6f-C  U(3,.)  -0.630892  0.302241 -0.714581          -49.431164"' |
    /usr/sness/DaliLite.v5/bin/applymatrix.pl pdb/pdb5w6f.ent > trans/5w6f-C.pdb
echo '-matrix  "s001-A 3riq-A  U(1,.)   0.439351 -0.445208  0.780231          -62.346725"
-matrix  "s001-A 3riq-A  U(2,.)  -0.265594  0.765342  0.586269           30.494385"
-matrix  "s001-A 3riq-A  U(3,.)  -0.858155 -0.464803  0.218009           10.680030"' |
    /usr/sness/DaliLite.v5/bin/applymatrix.pl pdb/pdb3riq.ent > trans/3riq-A.pdb
echo '-matrix  "s001-A 2v5i-A  U(1,.)   0.799070 -0.597442  0.067448           -6.111194"
-matrix  "s001-A 2v5i-A  U(2,.)  -0.185140 -0.351237 -0.917800           93.448624"
-matrix  "s001-A 2v5i-A  U(3,.)   0.572022  0.720899 -0.391273           38.337009"' |
    /usr/sness/DaliLite.v5/bin/applymatrix.pl pdb/pdb2v5i.ent > trans/2v5i-A.pdb
echo '-matrix  "s001-A 6e0w-B  U(1,.)  -0.998561 -0.019802  0.049842          -58.061108"
-matrix  "s001-A 6e0w-B  U(2,.)  -0.053398  0.453672 -0.889567          -35.175884"
-matrix  "s001-A 6e0w-B  U(3,.)  -0.004997 -0.890949 -0.454077           20.928671"' |
    /usr/sness/DaliLite.v5/bin/applymatrix.pl pdb/pdb6e0w.ent > trans/6e0w-B.pdb
echo '-matrix  "s001-A 7jwf-A  U(1,.)  -0.099257 -0.148979  0.983846           -8.223306"
-matrix  "s001-A 7jwf-A  U(2,.)  -0.671773  0.739438  0.044196           -1.224826"
-matrix  "s001-A 7jwf-A  U(3,.)  -0.734077 -0.656534 -0.173474          -54.456505"' |
    /usr/sness/DaliLite.v5/bin/applymatrix.pl pdb/pdb7jwf.ent > trans/7jwf-A.pdb
echo '-matrix  "s001-A 4ozy-A  U(1,.)   0.086184  0.231852 -0.968926           -5.799088"
-matrix  "s001-A 4ozy-A  U(2,.)  -0.976312  0.213390 -0.035779           14.349260"
-matrix  "s001-A 4ozy-A  U(3,.)   0.198463  0.949057  0.244750           42.859459"' |
    /usr/sness/DaliLite.v5/bin/applymatrix.pl pdb/pdb4ozy.ent > trans/4ozy-A.pdb
echo '-matrix  "s001-A 2inv-C  U(1,.)  -0.253504 -0.963077  0.090652           38.744034"
-matrix  "s001-A 2inv-C  U(2,.)  -0.499475  0.050064 -0.864881           22.046171"
-matrix  "s001-A 2inv-C  U(3,.)   0.828409 -0.264529 -0.493724           -8.184333"' |
    /usr/sness/DaliLite.v5/bin/applymatrix.pl pdb/pdb2inv.ent > trans/2inv-C.pdb
echo '-matrix  "s001-A 2inv-B  U(1,.)   0.961466  0.259382  0.091130          -35.964096"
-matrix  "s001-A 2inv-B  U(2,.)   0.205520 -0.457944 -0.864898           20.979795"
-matrix  "s001-A 2inv-B  U(3,.)  -0.182606  0.850299 -0.493606          -20.088232"' |
    /usr/sness/DaliLite.v5/bin/applymatrix.pl pdb/pdb2inv.ent > trans/2inv-B.pdb
echo '-matrix  "s001-A 6f7k-F  U(1,.)   0.753699  0.581752 -0.305782           -6.741937"
-matrix  "s001-A 6f7k-F  U(2,.)   0.495546 -0.197416  0.845849           50.709034"
-matrix  "s001-A 6f7k-F  U(3,.)   0.431708 -0.789045 -0.437077           23.487673"' |
    /usr/sness/DaliLite.v5/bin/applymatrix.pl pdb/pdb6f7k.ent > trans/6f7k-F.pdb
echo '-matrix  "s001-A 5zru-A  U(1,.)  -0.011208  0.966277  0.257261          -51.549427"
-matrix  "s001-A 5zru-A  U(2,.)   0.574116  0.216864 -0.789532           20.395344"
-matrix  "s001-A 5zru-A  U(3,.)  -0.818697  0.138849 -0.557185           37.221577"' |
    /usr/sness/DaliLite.v5/bin/applymatrix.pl pdb/pdb5zru.ent > trans/5zru-A.pdb
echo '-matrix  "s001-A 2inu-C  U(1,.)  -0.256466 -0.962065  0.093041           38.791832"
-matrix  "s001-A 2inu-C  U(2,.)  -0.501042  0.050012 -0.863977           22.128414"
-matrix  "s001-A 2inu-C  U(3,.)   0.826548 -0.268198 -0.494861           -7.916504"' |
    /usr/sness/DaliLite.v5/bin/applymatrix.pl pdb/pdb2inu.ent > trans/2inu-C.pdb
echo '-matrix  "s001-A 5zkw-C  U(1,.)  -0.857238  0.039143  0.513430           33.548676"
-matrix  "s001-A 5zkw-C  U(2,.)  -0.447900  0.435213 -0.781009           44.701187"
-matrix  "s001-A 5zkw-C  U(3,.)  -0.254023 -0.899476 -0.355549           54.906563"' |
    /usr/sness/DaliLite.v5/bin/applymatrix.pl pdb/pdb5zkw.ent > trans/5zkw-C.pdb
echo '-matrix  "s001-A 6e0v-B  U(1,.)  -0.995912 -0.047373  0.076903            9.042415"
-matrix  "s001-A 6e0v-B  U(2,.)  -0.090120  0.464162 -0.881154         -106.489662"
-matrix  "s001-A 6e0v-B  U(3,.)   0.006047 -0.884483 -0.466534          -57.250404"' |
    /usr/sness/DaliLite.v5/bin/applymatrix.pl pdb/pdb6e0v.ent > trans/6e0v-B.pdb
echo '-matrix  "s001-A 2x6y-A  U(1,.)   0.978089 -0.193024 -0.077998          -38.230545"
-matrix  "s001-A 2x6y-A  U(2,.)   0.155609  0.428929  0.889835          -24.062140"
-matrix  "s001-A 2x6y-A  U(3,.)  -0.138304 -0.882475  0.449567          -28.399439"' |
    /usr/sness/DaliLite.v5/bin/applymatrix.pl pdb/pdb2x6y.ent > trans/2x6y-A.pdb
echo '-matrix  "s001-A 5zku-C  U(1,.)  -0.494271  0.831652  0.253083           -6.601257"
-matrix  "s001-A 5zku-C  U(2,.)   0.188780  0.386872 -0.902603           32.371094"
-matrix  "s001-A 5zku-C  U(3,.)  -0.848563 -0.398353 -0.348219           16.416624"' |
    /usr/sness/DaliLite.v5/bin/applymatrix.pl pdb/pdb5zku.ent > trans/5zku-C.pdb
echo '-matrix  "s001-A 5zky-A  U(1,.)   0.272970 -0.859868  0.431410            3.737045"
-matrix  "s001-A 5zky-A  U(2,.)   0.893297  0.393007  0.218099          -41.691986"
-matrix  "s001-A 5zky-A  U(3,.)  -0.357083  0.325843  0.875396          -24.772409"' |
    /usr/sness/DaliLite.v5/bin/applymatrix.pl pdb/pdb5zky.ent > trans/5zky-A.pdb
echo '-matrix  "s001-A 7dmk-A  U(1,.)  -0.956797 -0.100495 -0.272839          -68.022743"
-matrix  "s001-A 7dmk-A  U(2,.)  -0.038259  0.973726 -0.224486           34.308956"
-matrix  "s001-A 7dmk-A  U(3,.)   0.288230 -0.204349 -0.935503          -48.628677"' |
    /usr/sness/DaliLite.v5/bin/applymatrix.pl pdb/pdb7dmk.ent > trans/7dmk-A.pdb
echo '-matrix  "s001-A 7dmk-B  U(1,.)   0.960600  0.266469  0.078999           55.363987"
-matrix  "s001-A 7dmk-B  U(2,.)   0.088202 -0.022724 -0.995843          -17.918671"
-matrix  "s001-A 7dmk-B  U(3,.)  -0.263567  0.963575 -0.045332           -8.280902"' |
    /usr/sness/DaliLite.v5/bin/applymatrix.pl pdb/pdb7dmk.ent > trans/7dmk-B.pdb
echo '-matrix  "s001-A 5zl4-A  U(1,.)   0.282188 -0.859025  0.427136            3.556403"
-matrix  "s001-A 5zl4-A  U(2,.)   0.889015  0.401493  0.220125          -41.941879"
-matrix  "s001-A 5zl4-A  U(3,.)  -0.360585  0.317614  0.876983          -24.547453"' |
    /usr/sness/DaliLite.v5/bin/applymatrix.pl pdb/pdb5zl4.ent > trans/5zl4-A.pdb
echo '-matrix  "s001-A 1tyv-A  U(1,.)  -0.119907  0.717797 -0.685850            6.510854"
-matrix  "s001-A 1tyv-A  U(2,.)   0.251789  0.690234  0.678365         -115.074966"
-matrix  "s001-A 1tyv-A  U(3,.)   0.960325 -0.091349 -0.263497          -45.543655"' |
    /usr/sness/DaliLite.v5/bin/applymatrix.pl pdb/pdb1tyv.ent > trans/1tyv-A.pdb
echo '-matrix  "s001-A 6gvp-A  U(1,.)   0.376615 -0.925273 -0.045074            6.006106"
-matrix  "s001-A 6gvp-A  U(2,.)   0.452930  0.141477  0.880249          -48.092289"
-matrix  "s001-A 6gvp-A  U(3,.)  -0.808094 -0.351930  0.472366           21.942369"' |
    /usr/sness/DaliLite.v5/bin/applymatrix.pl pdb/pdb6gvp.ent > trans/6gvp-A.pdb
echo '-matrix  "s001-A 7dmk-D  U(1,.)   0.928912 -0.336126 -0.155376           19.348524"
-matrix  "s001-A 7dmk-D  U(2,.)   0.168354  0.009626  0.985680           24.907024"
-matrix  "s001-A 7dmk-D  U(3,.)  -0.329817 -0.941768  0.065530          -96.630623"' |
    /usr/sness/DaliLite.v5/bin/applymatrix.pl pdb/pdb7dmk.ent > trans/7dmk-D.pdb
echo '-matrix  "s001-A 3jur-A  U(1,.)  -0.653645  0.673681 -0.344822            3.003111"
-matrix  "s001-A 3jur-A  U(2,.)   0.748110  0.506314 -0.428927          -32.803963"
-matrix  "s001-A 3jur-A  U(3,.)  -0.114371 -0.538331 -0.834937           71.007408"' |
    /usr/sness/DaliLite.v5/bin/applymatrix.pl pdb/pdb3jur.ent > trans/3jur-A.pdb
echo '-matrix  "s001-A 3jur-C  U(1,.)   0.618253 -0.572545  0.538475          -23.159113"
-matrix  "s001-A 3jur-C  U(2,.)   0.511030 -0.227705 -0.828854           46.878296"
-matrix  "s001-A 3jur-C  U(3,.)   0.597169  0.787619  0.151808          -94.205276"' |
    /usr/sness/DaliLite.v5/bin/applymatrix.pl pdb/pdb3jur.ent > trans/3jur-C.pdb
echo '-matrix  "s001-A 6nw9-A  U(1,.)   0.785282 -0.527242  0.324574          -16.720970"
-matrix  "s001-A 6nw9-A  U(2,.)   0.169401 -0.321263 -0.931715           17.464195"
-matrix  "s001-A 6nw9-A  U(3,.)   0.595513  0.786642 -0.162967          -22.571844"' |
    /usr/sness/DaliLite.v5/bin/applymatrix.pl pdb/pdb6nw9.ent > trans/6nw9-A.pdb
echo '-matrix  "s001-A 4ru5-A  U(1,.)  -0.454761 -0.602037 -0.656311          175.418976"
-matrix  "s001-A 4ru5-A  U(2,.)   0.492624  0.443888 -0.748522          -35.292767"
-matrix  "s001-A 4ru5-A  U(3,.)   0.741967 -0.663713  0.094715         -182.687988"' |
